200

7 11 23 33 42 55 68 74 87 90 104 118 121 134 147 156 160 175 189 190 
4 12 28 38 40 57 66 77 85 90 101 113 122 136 148 150 166 171 184 195 
4 19 25 30 43 58 60 73 87 96 105 111 129 130 146 157 164 176 182 198 
3 17 23 36 47 53 65 75 82 98 101 116 127 133 146 154 161 179 188 193 
0 18 27 30 44 53 62 76 86 94 106 115 123 135 144 155 162 175 183 195 
0 13 24 34 40 56 60 71 81 93 108 110 126 137 147 152 168 179 187 196 
6 14 27 31 45 50 68 77 80 98 105 110 124 132 143 153 167 173 186 191 
5 17 27 32 49 51 61 79 89 95 103 112 126 139 149 158 163 171 182 190 
9 15 20 36 41 51 69 78 88 91 106 113 121 130 145 153 168 178 180 199 
1 10 22 32 48 54 68 72 86 97 109 113 129 131 140 152 161 177 185 197 
2 16 26 35 46 56 63 70 83 92 106 117 120 138 142 159 161 173 182 192 
3 11 28 39 45 54 67 76 84 99 102 112 120 137 141 151 165 170 180 198 
5 10 21 37 41 52 62 75 81 99 100 114 125 134 143 150 164 172 181 192 
8 12 21 37 42 50 67 78 89 97 107 115 128 136 146 159 169 174 187 194 
9 15 29 31 48 59 64 73 81 95 107 119 120 135 148 158 160 174 185 193 
8 16 29 34 47 55 66 79 80 92 104 116 124 131 141 157 166 172 183 199 
6 18 25 39 49 57 64 71 85 92 103 118 121 138 140 154 167 176 181 194 
7 13 26 38 44 58 69 72 80 91 100 114 128 139 142 151 163 176 186 193 
2 18 24 33 43 59 61 74 80 93 102 117 124 133 145 150 162 174 184 197 
1 14 20 38 46 52 62 70 85 93 109 111 127 132 141 158 169 178 189 196 
5 19 22 35 44 57 66 78 82 96 108 119 123 133 143 156 165 177 189 191 
9 19 21 37 48 55 65 70 84 94 108 118 122 138 149 153 163 170 188 197 
8 14 22 33 49 55 63 73 88 97 103 117 125 132 144 151 164 179 180 195 
3 15 28 33 40 50 64 74 82 96 109 111 128 131 149 155 168 172 186 192 
1 17 25 36 43 50 61 71 83 90 100 114 122 135 144 156 165 170 187 199 
2 10 20 32 47 58 63 77 84 95 107 116 123 134 145 155 166 176 187 196 
0 19 23 31 46 53 67 71 88 96 102 116 125 139 140 159 166 178 185 190 
7 16 24 39 45 51 65 77 89 93 100 119 129 131 144 154 160 178 188 195 
3 17 20 35 48 54 69 79 87 91 108 110 125 136 148 157 162 173 181 194 
6 16 23 35 41 59 60 72 84 94 101 112 128 132 147 155 169 177 184 199 
9 12 26 33 47 52 62 74 89 94 105 116 124 130 142 152 165 171 181 191 
2 11 29 30 40 57 69 75 83 91 109 119 126 132 146 152 167 170 183 190 
4 13 20 34 49 59 63 75 86 99 103 115 122 133 141 159 160 175 186 191 
7 12 29 35 43 52 61 77 81 98 104 115 127 138 140 151 168 177 180 198 
8 15 26 32 46 52 65 76 86 95 101 110 129 137 142 156 167 175 184 194 
1 19 26 39 42 54 60 78 88 98 103 111 126 135 142 150 162 172 188 196 
5 13 25 38 42 56 68 79 88 94 107 119 127 137 145 154 164 171 186 197 
1 12 23 34 44 51 64 70 83 99 102 114 123 136 147 157 167 179 182 197 
4 10 24 32 45 53 64 78 82 91 104 117 122 139 147 158 169 170 181 198 
6 10 22 34 40 51 67 73 89 90 101 118 127 135 141 153 162 176 185 192 
0 11 22 31 49 58 65 79 85 98 100 113 120 130 147 157 169 174 188 192 
0 14 29 36 48 56 66 72 85 99 105 117 128 134 149 150 165 178 183 194 
9 18 28 30 45 56 63 76 87 97 101 113 127 139 143 157 163 172 187 191 
4 18 21 37 46 58 61 76 88 92 105 112 126 131 148 153 161 179 189 193 
7 13 21 37 43 54 66 75 85 95 106 116 121 137 144 158 169 173 185 195 
1 17 21 36 40 57 60 70 86 92 107 119 124 139 145 151 160 175 180 192 
0 16 27 37 47 59 68 71 82 90 109 111 123 136 142 151 163 174 180 198 
8 14 24 30 42 59 67 70 87 92 100 114 120 133 140 155 168 171 185 196 
6 15 24 31 44 55 60 75 83 97 104 112 123 130 149 154 166 173 189 198 
7 17 22 39 41 56 62 73 84 96 104 113 122 137 148 159 167 174 183 196 
9 11 24 38 41 50 66 73 86 93 105 115 125 138 140 154 163 175 182 199 
5 14 20 39 45 53 69 72 81 90 106 116 128 138 143 156 166 179 182 197 
0 15 28 35 42 51 63 71 80 97 105 114 124 138 148 158 164 177 188 190 
5 13 28 32 43 53 60 74 83 93 103 118 120 136 143 153 161 178 183 193 
1 11 27 39 47 58 63 70 82 97 108 110 121 135 149 159 164 178 184 193 
8 18 25 34 41 51 61 77 84 98 109 111 125 134 147 152 165 173 188 193 
6 10 26 36 46 53 66 79 87 99 102 118 129 132 142 152 168 174 187 195 
3 10 29 33 44 57 67 74 81 98 106 114 129 139 148 159 163 173 189 199 
7 18 22 30 46 55 64 76 89 91 108 110 120 134 146 150 166 177 186 199 
6 19 27 34 42 52 69 73 85 91 107 112 121 133 144 150 161 172 187 190 
8 13 23 38 47 50 65 72 81 92 102 113 123 130 143 158 162 170 186 190 
2 13 23 31 49 52 62 78 87 90 108 117 129 131 145 151 166 172 180 193 
9 14 23 32 40 57 60 79 80 95 102 115 126 134 144 159 161 179 181 198 
0 12 27 38 41 56 69 71 84 91 103 118 129 131 146 155 160 170 189 191 
2 19 25 36 45 55 68 76 81 97 100 117 126 136 141 158 168 175 184 191 
4 16 28 31 47 54 61 78 80 96 106 114 127 132 149 152 160 175 181 194 
5 16 20 33 48 58 65 74 83 99 106 110 124 135 146 151 167 171 185 198 
3 15 21 37 49 56 68 77 83 90 102 119 125 133 140 150 169 176 183 191 
2 11 29 34 46 50 62 72 82 94 103 113 128 133 148 157 160 171 187 198 
4 12 27 30 48 57 65 72 88 93 104 110 121 137 141 155 165 176 188 192 
7 16 28 35 41 53 67 74 86 95 107 117 126 130 140 157 165 179 186 195 
2 12 22 38 48 53 60 75 89 99 104 111 126 138 145 156 163 172 185 194 
3 17 29 34 42 58 66 78 81 94 109 117 122 130 143 156 161 176 184 195 
8 10 20 35 45 59 62 76 83 96 105 118 121 139 144 154 163 177 184 196 
5 15 26 31 49 50 67 70 85 96 101 115 121 134 142 152 162 170 180 197 
8 11 26 36 44 59 64 77 84 93 106 112 127 139 141 156 164 174 181 190 
6 18 29 32 44 54 65 70 80 90 107 112 125 137 146 156 168 178 186 196 
7 10 23 31 43 55 69 76 82 92 109 111 124 137 140 153 160 171 182 194 
3 17 24 30 40 52 63 72 88 95 106 118 128 136 147 154 164 173 180 191 
2 14 21 37 44 51 64 73 87 98 101 110 122 131 145 154 165 170 184 190 
4 15 25 36 43 51 67 72 80 94 108 111 120 132 144 154 167 172 189 195 
9 12 25 39 46 54 68 75 87 95 109 115 124 139 149 155 162 179 183 192 
3 19 20 33 44 56 62 71 89 92 100 115 123 132 140 156 161 171 188 193 
1 19 28 39 49 59 69 79 86 94 104 114 123 134 146 153 169 173 184 196 
8 15 27 33 43 54 68 74 84 99 101 119 122 138 147 157 166 178 182 196 
4 11 27 35 40 56 64 78 87 95 100 116 125 130 141 153 167 177 187 197 
3 16 25 32 43 59 66 70 89 91 102 113 126 131 143 151 164 175 181 196 
3 13 26 38 45 55 61 73 85 97 102 119 125 135 149 155 167 177 181 192 
6 18 20 31 42 57 61 76 86 98 104 116 120 136 149 152 164 170 185 192 
2 14 26 33 41 58 65 75 86 96 108 112 124 136 140 158 160 176 187 199 
9 17 28 36 48 52 62 76 80 96 103 110 123 138 147 159 169 176 185 197 
9 17 21 31 45 58 67 79 82 93 107 111 129 138 141 150 162 177 183 191 
7 14 25 35 47 59 65 78 88 93 105 118 123 133 148 152 166 172 182 192 
1 13 29 37 45 57 60 75 89 96 105 117 127 135 148 155 168 174 182 197 
5 16 29 39 40 54 64 77 84 97 105 111 122 133 142 158 162 171 189 199 
4 18 23 30 47 54 66 73 83 93 100 112 128 135 145 159 167 173 180 190 
8 11 22 32 42 53 60 71 85 94 108 114 121 131 141 150 160 173 182 191 
6 19 27 38 43 50 63 78 82 96 100 112 120 134 145 152 163 179 183 195 
4 13 24 30 41 50 63 79 84 90 109 116 121 135 140 151 161 174 189 194 
0 10 25 39 48 55 61 77 82 99 108 112 128 130 143 157 161 175 185 191 
5 18 21 30 47 57 63 71 81 99 103 119 125 131 142 153 169 171 184 198 
1 16 22 33 47 50 69 77 87 95 105 115 120 137 147 150 168 170 185 190 
0 19 27 32 42 55 67 75 83 99 102 113 127 134 148 154 165 174 189 199 
9 19 22 30 49 51 61 72 83 98 107 110 128 137 142 155 160 178 181 196 
5 12 24 38 40 59 64 73 86 98 108 117 123 139 143 159 168 174 188 194 
0 12 20 32 46 57 68 73 80 92 106 119 129 135 147 153 165 172 186 195 
0 12 21 36 42 58 64 74 82 95 104 113 125 132 144 157 166 173 182 193 
1 18 24 35 48 58 68 78 84 91 101 114 124 130 144 154 168 174 186 194 
9 17 26 34 48 51 68 74 88 90 100 115 120 131 146 158 166 170 187 194 
4 14 28 32 46 52 69 71 89 98 104 119 121 133 149 157 162 170 180 195 
6 15 25 33 44 53 62 79 88 95 101 117 126 137 143 151 160 177 180 199 
2 15 27 39 45 52 66 74 85 92 102 110 127 139 146 153 163 179 181 195 
7 16 24 36 49 57 63 73 86 94 102 111 121 132 148 156 162 178 187 193 
4 16 29 39 44 55 62 76 85 97 107 118 129 136 145 153 169 179 186 190 
5 15 23 37 45 56 61 77 86 91 103 118 124 130 141 159 163 171 183 195 
1 10 29 38 49 51 60 76 81 93 101 116 122 133 140 151 164 173 183 198 
5 11 21 34 43 53 61 75 80 92 107 113 129 136 149 155 161 176 186 196 
6 10 28 31 48 58 65 71 81 91 103 115 127 132 145 159 165 172 184 197 
2 17 26 37 40 55 66 71 86 95 105 114 121 133 147 152 162 178 186 198 
6 11 23 37 45 50 69 72 88 93 106 119 122 134 142 157 168 177 185 194 
3 13 22 37 41 59 63 70 80 92 104 116 129 139 144 150 165 175 187 198 
6 13 29 30 41 56 66 77 82 98 102 111 121 138 146 158 166 175 188 197 
1 12 29 38 45 56 67 74 87 94 109 110 123 137 144 158 161 176 180 199 
9 13 21 35 49 53 65 73 85 99 109 117 124 134 143 152 164 171 189 199 
0 17 26 31 46 59 66 79 81 97 107 115 122 130 143 155 167 176 189 193 
7 19 20 34 46 50 64 76 87 90 106 114 126 130 145 151 164 178 188 191 
4 10 28 32 44 50 68 70 88 91 103 116 124 138 149 156 163 174 184 192 
3 12 24 33 46 51 60 70 86 90 105 113 127 136 142 154 166 172 183 190 
7 11 20 35 40 59 60 79 89 97 106 111 125 137 149 157 161 170 184 193 
8 14 28 34 43 57 65 75 84 90 100 110 128 139 142 157 167 177 189 195 
2 14 29 34 45 54 67 71 88 92 108 113 129 135 143 154 169 175 181 192 
1 11 25 31 42 51 65 72 84 96 104 118 126 135 143 150 163 179 181 191 
6 12 23 31 48 58 63 79 85 97 109 116 120 133 148 156 168 175 181 196 
4 18 26 35 44 52 67 77 84 92 102 113 122 135 146 158 160 172 183 192 
9 10 20 35 42 56 64 75 80 94 101 112 129 131 147 151 167 178 180 190 
8 19 24 31 47 54 69 77 82 99 109 117 126 138 144 153 161 176 187 192 
3 18 23 31 40 58 62 77 89 90 103 112 122 138 149 152 169 173 182 199 
9 14 22 30 49 54 67 74 81 91 107 112 124 136 147 156 163 177 188 193 
1 12 20 30 41 55 68 78 85 96 102 112 128 138 142 159 162 171 188 193 
3 13 27 33 47 51 66 76 80 92 107 117 128 134 140 156 160 170 184 197 
4 17 24 33 41 54 63 74 89 99 107 119 123 134 141 158 167 179 185 199 
0 19 25 37 43 52 69 74 83 97 101 113 123 131 141 159 164 174 188 194 
2 16 22 36 43 52 64 79 83 93 108 115 129 137 148 155 163 171 186 191 
6 15 21 39 47 50 60 72 86 91 100 111 127 139 145 159 165 177 182 195 
5 18 23 34 49 53 66 79 82 96 105 119 128 132 141 151 161 173 187 192 
7 15 21 32 41 57 64 71 87 93 103 114 127 130 147 156 161 170 183 196 
5 14 23 34 40 54 61 76 87 94 104 119 125 130 140 159 163 174 186 191 
8 19 29 32 40 53 68 70 83 95 100 110 128 130 148 156 169 172 180 198 
9 10 27 31 44 56 61 77 81 94 109 114 121 136 146 154 166 179 185 194 
8 13 26 36 48 54 67 78 89 91 109 118 123 135 145 157 164 179 185 190 
3 17 25 38 45 55 64 72 82 92 106 115 124 133 140 153 164 178 187 196 
2 16 28 37 46 53 63 75 81 98 100 118 120 137 144 151 162 171 184 197 
7 11 29 38 48 52 62 78 83 99 102 116 126 133 147 155 162 173 180 194 
7 13 21 39 43 50 62 70 83 98 101 117 120 135 141 152 168 176 181 193 
1 11 28 35 48 55 60 73 82 92 101 116 125 139 145 158 166 176 189 191 
1 16 20 30 42 53 66 77 80 99 106 117 121 139 148 150 167 176 183 190 
0 11 21 33 45 59 61 70 81 95 105 114 123 138 145 156 169 172 181 195 
9 16 20 37 44 52 67 71 82 97 103 118 120 134 149 151 167 177 182 199 
3 10 24 37 47 58 63 79 85 93 107 118 126 132 146 158 165 170 185 198 
9 18 26 36 43 50 67 75 88 99 104 119 128 131 140 153 163 178 184 192 
0 15 22 34 41 53 65 73 87 97 102 112 126 133 149 154 169 173 184 197 
4 18 22 32 49 56 69 70 81 95 106 111 127 131 143 158 168 178 188 198 
0 18 25 35 40 50 60 78 86 99 103 110 129 137 140 150 166 171 189 193 
8 17 25 34 44 58 63 76 85 95 108 116 127 132 142 150 167 173 180 190 
6 19 28 30 47 56 68 74 89 93 108 113 122 135 141 154 166 179 181 199 
2 12 24 32 42 51 62 76 85 93 100 110 125 138 149 155 164 174 189 198 
5 13 23 39 46 55 64 78 80 98 109 112 123 130 147 150 160 171 182 192 
6 18 21 38 45 54 69 72 89 96 107 114 128 131 144 152 165 175 182 193 
7 12 23 36 49 53 66 73 84 97 107 117 123 136 143 150 165 178 185 196 
9 10 26 33 44 51 62 75 82 91 105 119 124 133 140 159 169 170 186 193 
5 15 20 38 43 56 62 72 89 95 102 117 125 136 146 157 162 174 189 196 
7 17 27 31 46 57 60 71 86 94 103 112 128 139 140 158 168 172 181 197 
6 10 26 30 41 57 66 76 89 97 104 110 120 139 147 154 161 171 183 190 
8 16 21 39 46 56 60 77 88 96 109 116 125 138 149 153 160 178 186 197 
3 14 23 35 48 50 64 73 83 94 100 110 121 137 142 158 164 175 182 195 
1 15 29 30 40 56 65 70 81 98 101 116 120 131 149 156 162 177 187 191 
9 14 24 32 47 59 67 76 82 90 105 111 121 132 143 155 160 179 181 190 
5 11 24 36 44 51 61 71 89 96 101 117 124 136 144 154 161 177 187 198 
4 13 28 33 47 59 64 72 85 98 104 110 129 133 142 151 168 178 183 194 
3 15 23 33 48 58 66 78 88 92 102 114 126 137 145 153 166 174 183 198 
9 19 24 31 41 50 68 79 83 90 103 115 124 133 147 157 167 178 186 195 
4 14 27 37 46 50 65 74 84 95 108 113 122 138 146 156 169 175 180 196 
2 17 21 39 42 52 60 77 88 99 100 113 124 132 145 153 167 177 188 195 
9 13 27 36 44 56 65 70 80 92 109 111 122 132 142 152 163 179 184 191 
5 17 26 37 49 50 69 75 80 97 102 118 125 135 148 154 160 170 182 195 
9 10 29 34 40 59 63 72 87 91 107 115 128 138 142 156 165 173 183 197 
0 16 23 32 42 54 67 73 82 96 108 114 121 131 148 151 169 176 180 198 
9 16 29 38 41 58 65 70 86 90 105 119 121 136 145 159 161 171 180 199 
8 16 22 32 45 55 67 75 83 93 101 111 128 132 140 154 162 176 182 190 
5 19 26 30 46 51 64 75 88 93 104 117 127 133 144 152 163 175 189 197 
4 15 26 35 42 50 66 70 85 90 103 112 123 133 140 153 161 175 185 194 
5 19 28 31 47 57 62 74 80 94 108 118 122 139 143 152 168 173 189 192 
6 17 25 38 43 58 65 75 86 91 108 114 128 137 145 159 169 172 183 190 
6 12 26 37 48 54 60 71 85 98 106 115 121 134 141 155 166 173 184 199 
3 13 22 37 43 54 62 71 84 97 107 115 129 134 144 151 162 176 187 191 
2 17 29 39 45 56 63 75 81 96 102 110 126 130 140 157 161 177 187 194 
1 18 25 39 45 52 68 79 87 98 107 115 125 135 145 158 169 178 189 195 
0 10 29 35 41 54 62 77 89 98 103 112 129 133 149 158 164 170 188 199 
9 10 22 34 48 53 67 74 87 92 109 119 125 135 143 159 165 177 186 191 
2 14 28 34 43 54 69 79 85 94 103 114 126 137 140 159 165 178 182 197 
